0
0
0
0
0
0
0
0
0
0
0
0
0
0
0
0
0
0
0
0
0
0
0
0
0
0
0
0
0
0
0
0
0
0
0
0
0
0
0
0
0
0
0
0
0
0
0
0
0
0
0
0
0
0
0
0
0
0
0
0
0
0
0
0
0
0
0
0
0
0
0
0
0
0
0
0
0
0
0
0
0
0
0
0
0
0
0
0
0
0
0
0
0
0
0
0
3
6
18
28
37
31
45
37
32
30
25
32
35
28
33
34
42
37
44
42
42
50
38
40
46
44
44
30
44
43
28
37
40
30
31
30
35
28
27
29
31
36
30
38
36
32
35
22
28
29
27
31
21
40
34
34
27
26
40
27
31
28
38
44
48
44
40
48
50
46
56
42
64
59
72
64
56
59
69
56
64
62
50
71
75
73
63
73
56
80
64
66
68
75
46
60
63
58
52
46
43
54
48
38
43
36
46
36
35
47
39
43
52
35
34
45
40
28
44
38
27
41
35
34
33
41
43
32
48
50
38
43
43
38
57
49
36
46
53
59
52
71
58
67
69
82
80
88
110
121
121
141
130
171
179
173
211
235
255
301
286
308
354
363
358
398
355
371
400
403
340
409
358
352
313
303
295
332
269
278
261
270
240
234
215
177
185
162
147
144
158
117
137
123
106
93
85
84
64
55
65
59
51
51
56
51
44
39
42
41
39
34
27
40
26
24
34
27
21
13
21
24
13
20
12
17
13
14
15
9
15
13
19
15
7
7
15
13
12
8
11
12
11
14
7
10
11
15
13
10
16
14
3
4
12
7
7
7
4
6
4
10
8
6
8
7
1
8
6
9
5
9
2
5
7
3
3
2
4
3
3
6
10
6
5
4
10
2
4
8
5
6
2
4
3
2
1
3
5
3
2
4
3
2
1
3
2
3
4
4
3
1
2
3
3
2
3
6
3
2
2
4
5
3
1
2
6
1
3
4
2
6
0
3
6
1
3
0
0
3
2
2
3
1
2
0
1
1
0
1
2
6
0
1
0
3
3
2
1
2
2
2
3
0
2
3
1
2
2
0
0
0
0
1
2
1
2
2
0
1
1
0
1
1
0
2
0
0
1
2
2
0
0
1
0
1
0
2
0
1
2
0
1
1
0
1
0
2
0
2
4
0
1
1
0
0
1
0
0
0
1
0
0
0
1
1
1
3
0
0
1
0
0
2
0
0
0
0
1
1
1
2
0
0
0
2
0
0
0
1
0
1
0
1
0
0
2
0
1
0
0
0
1
0
0
1
0
1
2
0
1
2
1
1
0
0
1
0
1
0
0
0
0
0
0
0
0
1
0
0
0
0
1
0
1
0
0
0
0
0
0
0
0
0
0
0
0
0
0
0
0
0
0
0
0
0
0
2
0
0
0
0
0
0
0
0
0
0
1
0
1
1
0
0
1
0
0
0
1
0
1
0
0
0
1
0
0
0
0
0
0
1
0
1
1
1
0
1
0
0
1
0
0
1
0
1
1
0
0
0
0
0
0
0
0
0
1
0
0
0
0
1
1
0
0
0
1
0
0
0
0
0
0
0
1
0
0
0
0
0
0
0
0
0
1
0
0
0
0
1
0
0
0
0
0
0
0
0
1
0
0
0
0
0
0
0
0
0
0
0
0
0
0
0
0
0
0
0
0
0
0
0
0
0
1
0
1
0
0
1
0
0
0
0
0
0
0
0
0
0
0
0
0
0
0
0
0
0
0
0
0
0
0
0
0
0
0
0
1
0
0
0
0
0
0
0
1
0
1
0
0
0
0
0
0
0
0
0
0
0
0
0
0
1
0
0
1
0
0
0
0
0
1
0
0
0
0
0
0
0
0
0
0
0
0
0
0
0
0
0
0
0
0
1
0
0
0
0
1
1
0
0
0
0
1
2
0
0
0
0
0
0
0
1
0
0
0
0
1
1
1
0
0
0
0
0
0
0
0
1
0
1
1
0
0
0
0
0
0
0
0
0
0
1
0
0
0
0
0
0
0
0
0
0
0
0
1
0
0
0
0
0
0
0
0
0
0
0
0
0
0
1
0
0
0
0
0
0
0
0
0
0
0
0
0
0
1
0
0
0
0
0
0
0
0
0
1
0
0
0
0
1
0
0
0
0
0
0
0
0
1
0
0
1
0
0
1
0
0
0
0
0
0
0
0
0
0
0
0
0
0
0
0
0
0
0
0
0
0
0
0
0
0
0
0
0
0
0
0
0
0
0
0
0
0
0
0
0
0
0
0
0
0
0
0
0
0
0
1
0
0
0
0
0
0
0
0
0
0
0
0
0
0
0
0
0
0
0